51
28
5
9
36
47
74
67
45
75
35
21
36
11
19
26
18
65
41
19
8
15
42
16
1
34
11
70
29
45
8
20
73
13
46
49
60
44
41
45
59
16
7
35
27
42
61
45
31
42
4
39
57
62
72
75
20
7
9
66
52
17
10
66
30
56
39
30
41
20
75
40
36
22
0
3
64
61
64
20
28
68
75
25
70
11
24
15
18
49
21
11
66
31
17
36
28
56
66
69
17
6
49
69
44
49
73
33
35
61
69
3
70
8
28
64
20
51
28
5
9
36
47
74
67
45
75
35
21
36
11
19
26
18
65
41
19
8
15
42
16
1
34
11
70
29
45
8
20
73
13
46
49
60
44
41
45
59
16
7
35
27
42
61
45
31
42
4
39
57
62
72
75
20
7
9
66
52
17
10
66
30
56
39
30
41
20
75
40
36
22
0
3
64
61
64
20
28
68
75
25
70
11
24
15
18
49
21
11
66
31
17
36
28
56
66
69
17
6
49
69
44
49
73
33
35
61
69
3
70
8
28
64
20
51
28
5
9
36
47
74
67
45
75
35
21
36
11
19
26
18
65
41
19
8
15
42
16
1
34
11
70
29
45
8
20
73
13
46
49
60
44
41
45
59
16
7
35
27
42
61
45
31
42
4
39
57
62
72
75
20
7
9
66
52
17
10
66
30
56
39
30
41
20
75
40
36
22
0
3
64
61
64
20
28
68
75
25
70
11
24
15
18
49
21
11
66
31
17
36
28
56
66
69
17
6
49
69
44
49
73
33
35
61
69
3
70
8
28
64
20
51
28
5
9
36
47
74
67
45
75
35
21
36
11
19
26
18
65
41
19
8
15
42
16
1
34
11
70
29
45
8
20
73
13
46
49
60
44
41
45
59
16
7
35
27
42
61
45
31
42
4
39
57
62
72
75
20
7
9
66
52
17
10
66
30
56
39
30
41
20
75
40
36
22
0
3
64
61
64
20
28
68
75
25
70
11
24
15
18
49
21
11
66
31
17
36
28
56
66
69
17
6
49
69
44
49
73
33
35
61
69
3
70
8
28
64
20
